   0.0000000e+00   0.0000000e+00   0.0000000e+00   0.0000000e+00   0.0000000e+00   0.0000000e+00
  -9.1833942e-06  -2.4107913e-02   1.3294354e-03   4.4978940e-04  -1.1817452e-04  -3.6867788e-04
   2.3548177e-02  -1.2133178e-02   3.2215270e-02   2.8777466e-04  -3.5982215e-04  -2.7744353e-05
   2.6923034e-02   1.4253602e-03   5.1212626e-02   1.0920854e-04  -5.7451083e-04  -3.9139573e-04
   2.2573031e-02  -1.7460910e-03   4.1949931e-02   6.7785605e-04  -1.2971717e-04  -3.7365118e-04
   1.8291261e-02  -1.1150438e-02   5.7573551e-04   6.8706843e-04  -1.4488296e-04  -8.8239323e-05
   2.7651958e-02  -1.9006143e-02   4.7194311e-02   1.9821037e-04  -2.6423491e-04  -6.9274540e-04
   3.5625970e-02  -3.1739193e-02   6.2759455e-02  -1.2281547e-04  -5.0677584e-04  -6.0698295e-04
   6.3866002e-02  -2.9102989e-02   5.4677765e-02  -2.2276039e-04  -8.9194793e-04  -1.8285109e-04
   3.9861358e-02  -1.0599809e-02   2.6978415e-02   4.1122812e-05  -8.5830221e-04  -2.3295567e-04
   5.5450970e-02  -1.6209320e-02   5.2299839e-02  -6.5932471e-04  -1.0958601e-03  -5.4085423e-04
   8.9953843e-02  -4.0675060e-02   7.8511550e-02  -1.1327873e-03  -1.6129724e-03  -5.2327253e-06
   7.2358939e-02  -2.9702498e-02   6.9004240e-02  -1.0618868e-03  -1.2261672e-03  -1.1539143e-04
   7.0105054e-02   2.1327556e-02   1.9218087e-02  -1.0937516e-03  -1.3387786e-03  -6.0284801e-04
   9.2666475e-02   1.8714090e-02   2.4559399e-02  -8.2341894e-04  -1.5752573e-03  -5.4583900e-04
   9.8111221e-02  -3.6530128e-02   7.3325496e-02   1.3201646e-04  -1.6116411e-03  -3.1767658e-04
   8.6533664e-02  -8.4245188e-02   5.4611379e-02   7.8485661e-04  -1.3412828e-03  -2.3864173e-04
   8.7099022e-02  -7.5779885e-02   6.7015819e-02  -2.3690840e-04  -1.4554294e-03  -2.0899302e-04
   1.0205728e-01  -6.7675262e-02   8.4429123e-02  -1.2153647e-03  -1.8939079e-03  -4.1482597e-05
   1.0967335e-01  -7.3418832e-02   6.9642519e-02  -1.0339057e-03  -2.5587501e-03  -3.9358666e-04
   9.6700185e-02  -6.4035588e-02   1.2817271e-01  -1.0558707e-03  -2.2209517e-03  -2.9207934e-04
   1.0487884e-01  -1.2034899e-01   1.1056662e-01  -3.9072377e-04  -2.0932413e-03  -3.1956886e-04
   8.2005364e-02  -1.5171267e-01   1.5488350e-01  -2.5073789e-05  -1.4678391e-03  -6.7709557e-04
   6.0709835e-02  -1.8816705e-01   1.0710367e-01  -7.9309029e-07  -1.4794007e-03  -4.5207963e-04
   3.3230905e-02  -1.7191682e-01   1.2002327e-01  -3.8124870e-05  -1.2552142e-03  -2.4981219e-04
  -6.8756112e-03  -1.7453231e-01   9.8177834e-02   2.7040583e-04  -6.2859764e-04  -4.3951315e-04
   1.4214565e-02  -1.7906311e-01   2.2744515e-02   1.3484047e-03  -8.9247110e-04  -3.3000858e-04
  -2.8847154e-03  -2.5322900e-01   5.5935973e-02   2.8130805e-03  -4.1277996e-04  -4.8422982e-04
   2.2579324e-02  -2.2128403e-01   8.5913315e-02   1.5130633e-03  -2.8166317e-04  -2.1009325e-04
   3.7660475e-02  -2.3646014e-01   7.1744614e-02   1.0192787e-03  -6.0564209e-04   2.6117224e-05
   2.2024258e-02  -2.1571759e-01   7.4629054e-02   3.1696471e-04  -5.9725687e-04   6.4037369e-05
   4.5163929e-02  -1.7757794e-01   7.6613435e-02   2.3272979e-04  -7.5433440e-04  -2.0300808e-05
   3.1355745e-02  -2.0579796e-01   7.0935099e-02   6.4315415e-04  -5.9884231e-04   1.9867971e-04
   2.8917195e-02  -2.0819845e-01   7.3690589e-02   7.2135547e-05  -4.0567514e-04  -2.5075521e-04
   3.1516859e-02  -1.5791299e-01   9.0503460e-02  -1.5169169e-03  -1.0665816e-03   1.0054224e-03
   7.1403021e-02  -2.0455641e-01   1.0736711e-01  -4.4800996e-04  -8.8544491e-04   1.1908048e-03
   3.4672954e-02  -2.2891701e-01   9.0246283e-02   6.9765095e-04   1.8355005e-04   1.0544645e-03
   4.4471128e-02  -1.8408727e-01   5.7959597e-02   7.2661085e-06  -1.2033166e-05   7.8366120e-04
   3.5048679e-02  -2.2280420e-01   5.6902967e-02   6.3164602e-04   5.6964162e-04   7.8609400e-04
   1.2880547e-02  -2.1629483e-01   3.8469067e-02  -2.5950238e-04   8.8525783e-04   1.2928254e-03
   5.3023141e-03  -1.8781471e-01   4.2205890e-02  -4.4737048e-04   1.0605632e-03   1.0702776e-03
  -1.0050529e-02  -1.5209964e-01   8.5524460e-02  -3.0604632e-04   1.8625735e-03   9.4435346e-04
  -1.3438578e-02  -1.6596689e-01   1.1069887e-01  -8.6098284e-04   1.9412506e-03   1.2715623e-03
  -9.7935353e-03  -3.1157284e-01   1.2919504e-01   1.4557152e-04   1.8735668e-03   1.2150558e-03
  -9.5701656e-03  -2.1024521e-01   6.5246426e-02  -1.0414873e-03   1.3402579e-03   1.4036718e-03
   2.9533659e-03  -2.3464375e-01   5.7644934e-02  -1.6590752e-03   1.2968741e-03   2.1676089e-03
   5.7092310e-02  -2.1214647e-01   4.0146827e-02  -2.2391182e-03   9.7616285e-04   3.0166026e-03
   6.3175829e-02  -2.6821842e-01   3.9418312e-02  -2.0604689e-03   2.7715525e-03   4.0002067e-03
   2.7003846e-02  -2.9644018e-01   1.0016044e-02  -1.7167911e-03   4.0158336e-03   3.4017439e-03
   5.6399956e-02  -2.5347316e-01   6.1713360e-02  -9.5562428e-04   3.7339913e-03   3.3086635e-03
   3.1324138e-02  -2.8226021e-01   1.8002823e-02  -4.2672676e-04   2.9450095e-03   3.3534106e-03
   3.4948400e-02  -2.9170002e-01   9.8833557e-02  -8.3788486e-04   2.9413934e-03   3.4146708e-03
   7.4987818e-03  -2.5191155e-01   6.7238914e-02  -1.2185494e-03   3.0355571e-03   3.1830516e-03
  -9.4878295e-03  -2.6944996e-01   5.0539326e-02  -8.8166515e-04   3.5509943e-03   3.2299739e-03
  -1.4665991e-02  -2.5508441e-01   7.3270649e-02  -9.3505086e-04   3.5614506e-03   3.1338340e-03
  -5.7898525e-02  -1.6583610e-01   1.4932478e-01  -2.0830607e-03   4.1410196e-03   2.4095388e-03
  -1.0096900e-01  -2.6245583e-01   1.5351382e-01  -9.5903162e-04   5.0779243e-03   2.2342062e-03
  -9.0345480e-02  -1.9771796e-01   1.0653569e-01  -2.0698366e-03   5.0938530e-03   3.1228794e-03
  -7.8849863e-02  -2.0554764e-01   1.5682804e-01  -1.9698033e-03   5.2845471e-03   3.1608326e-03
  -7.9473570e-02  -2.4092231e-01   1.1528919e-01  -1.6305966e-03   5.8341500e-03   4.1469658e-03
  -4.2422685e-02  -2.3719461e-01   6.1275548e-02  -1.1001829e-03   6.1774942e-03   4.3351380e-03
  -6.6557561e-02  -1.9155150e-01   1.4378982e-03  -1.1469675e-03   6.3376268e-03   3.2059172e-03
  -6.1262932e-02  -2.8760915e-01   9.9860257e-03  -3.8598716e-04   6.1130016e-03   3.4520024e-03
  -4.4188266e-02  -3.1782140e-01   7.3573692e-03  -4.7547751e-04   6.3285982e-03   4.3999010e-03
  -6.2381309e-02  -3.1365124e-01   2.5316605e-02  -1.4663906e-04   6.5650795e-03   4.5731964e-03
  -3.4961962e-02  -3.0477851e-01   2.1947528e-02  -2.0498863e-04   6.7895019e-03   4.4521700e-03
  -4.7562611e-02  -2.9589549e-01  -1.6639858e-02  -3.3745065e-04   6.6789646e-03   4.5410343e-03
  -6.5288187e-02  -2.9561474e-01  -2.3548222e-02  -4.7349510e-04   6.5960625e-03   3.8620450e-03
  -5.6807034e-02  -3.6072006e-01  -2.5184940e-02  -7.9866956e-04   6.4320640e-03   3.6634654e-03
  -4.2254667e-02  -2.0790543e-01  -3.3055990e-02  -2.1537953e-03   6.1087343e-03   3.9480454e-03
  -6.3109831e-02  -2.3509808e-01   4.0221743e-03  -1.9453228e-03   5.7156369e-03   4.1077504e-03
  -6.5962933e-02  -2.6833896e-01   3.2844713e-02  -1.0985976e-03   5.8594647e-03   4.1643483e-03
  -7.4468670e-02  -2.6627750e-01  -2.7007052e-02  -4.6305660e-04   5.6590047e-03   3.6147399e-03
  -1.1047926e-01  -3.3814339e-01  -2.1105770e-03   7.9513317e-05   6.2548687e-03   3.0752309e-03
  -7.8250935e-02  -3.2748342e-01   3.3140003e-02  -2.4626298e-04   6.3847369e-03   3.5419847e-03
  -7.3164093e-02  -3.1103785e-01   5.2947587e-03  -5.2447906e-04   6.1388466e-03   3.2814957e-03
  -9.2399327e-02  -3.1212161e-01   3.8788051e-02  -3.0841183e-04   5.9621722e-03   3.6049088e-03
  -1.0476121e-01  -2.5471778e-01   9.0129778e-02  -1.2543661e-03   5.4900075e-03   3.0252224e-03
  -1.2246311e-01  -2.9799049e-01   6.6495628e-02  -4.3430718e-04   5.8343157e-03   2.8287693e-03
  -1.4489072e-01  -2.8553035e-01   7.8721689e-02  -1.1878374e-03   6.2236392e-03   3.1625965e-03
  -1.3576112e-01  -2.9147534e-01   5.8133912e-02  -1.1428928e-03   6.1591781e-03   3.3352586e-03
  -1.4205576e-01  -3.1639287e-01   8.6029935e-02  -9.1574812e-04   6.2366810e-03   2.9366623e-03
  -1.2698215e-01  -2.7886163e-01   1.2820277e-01  -8.9919825e-04   6.0251791e-03   2.8309758e-03
  -1.1070958e-01  -2.0289811e-01   9.5170467e-02  -1.5310747e-03   5.4765534e-03   2.3516394e-03
